30645528150
30645528151
30645528152
30645528153
30645528154
30645528155
30645528156
30645528157
30645528158
30645546310
30645546311
30645546312
30645546313
30645546314
30645546315
30645546316
30645546317
30645546318
30645546319
30645546320
30645546321
30645546322
30645546323
30645546326
30645546333
30645546336
30645546339
30645546342
30645546345
30645546346
30645546347
30645546348
30645546349
30645546351
30645546353
30645546354
30645546355
30645546360
30645546361
30645546362
30645546363
30645546364
30645546365
30645546366
30645546367
30645546376
30645546377
30645546378
30645546379
30645546380
30645546381
30645546382
30645546384
30645546385
30645546386
30645546387
30645546388
30645546394
30645546397
30645546398
30645546399
30645546400
30645546401
30645546402
30645546403
30645546404
30645546405
30645546406
30645546407
30645546408
30645546415
30645546416
30645546417
30645546419
30645546420
30645546423
30645546424
30645546425
30645546433
30645546434
30645546435
30645546436
30645546438
30645546439
30645546444
30645546445
30645546446
30645546447
30645546448
30645546449
30645546450
30645546451
30645546452
30645546453
30645546454
30645546455
30645546467
30645546468
30645546469
30645546472
30645546473
30645546475
30645546479
30645546480
30645546481
30645546482
30645546483
30645546484
30645546485
30645546486
30645546487
30645546488
30645546489
30645546490
30645546502
30645546503
30645546504
30645546505
30645546506
30645546507
30645546508
30645546509
30645546510
30645546511
30645546512
30645546513
30645546514
30645546515
30645546516
30645546517
30645546518
30645546519
30645546520
30645546521
30645546522
30645546523
30645546532
30645546533
30645546534
30645546535
30645546536
30645546537
30645546538
30645546539
30645546540
30645546541
30645546542
30645546544
30645546545
30645546546
30645546547
30645546548
30645546549
30645546550
30645546551
30645546552
30645546553
30645546556
30645546560
30645546561
30645546562
30645546563
30645546564
30645546565
30645546566
30645546567
30645546568
30645546569
30645546573
30645546574
30645546575
30645546576
30645546577
30645546578
30645546584
30645546588
30645546589
30645546590
30645546591
30645546592
30645546593
30645546594
30645546595
30645546596
30645546599
30645546601
30645546602
30645546603
30645546604
30645546605
30645546613
30645546614
30645546615
30645546616
30645546617
30645546618
30645546619
30645546620
30645546621
30645546622
30645546623
30645546624
30645546625
30645546626
30645546627
30645546631
30645546632
30645546633
30645546634
30645546635
30645546636
30645546637
30645546638
30645546639
30645546644
30645546652
30645546653
30645546654
30645546655
30645546656
30645546657
30645546658
30645546659
30645546660
30645546661
30645546662
30645546663
30645546666
30645546667
30645546668
30645546669
30645546670
30645546671
30645546684
30645546685
30645546686
30645546687
30645546688
30645546689
30645546690
30645546691
30645546692
30645546693
30645546694
30645546695
30645546696
30645546697
30645546698
30645546699
30645546700
30645546701
30645546702
30645546703
30645546704
30645546705
30645546706
30645546707
30645546708
30645546709
30645546710
30645546711
30645546712
30645546713
30645546714
30645546715
30645546716
30645546723
30645546724
30645546725
30645546726
30645546731
30645546732
30645546733
30645546734
30645546735
30645546736
30645546743
30645546744
30645546745
30645546746
30645546747
30645546748
30645546749
30645546750
30645546751
30645546756
30645546757
30645546758
30645546759
30645546772
30645546773
30645546774
30645546775
30645546776
30645546777
30645546778
30645546779
30645546780
30645546781
30645546786
30645546787
30645546788
30645546789
30645546790
30645546791
30645546792
30645546793
30645546794
30645546802
30645546803
30645546804
30645546805
30645546806
30645546807
30645546808
30645546809
30645546810
30645546811
30645546812
30645546813
30645546814
30645546815
30645546816
30645546817
30645546818
30645546819
30645546820
30645546821
30645546822
30645546823
30645546824
30645546825
30645546826
30645546827
30645546828
30645546829
30645546830
30645546831
30645546841
30645546842
30645546843
30645546844
30645546845
30645546846
30645546847
30645546848
30645546849
30645546850
30645546851
30645546852
30645546858
30645546859
30645546860
30645546861
30645546862
30645546863
30645546864
30645546865
30645546874
30645546881
30645546882
30645546883
30645546884
30645546885
30645546886
30645546887
30645546892
30645546893
30645546894
30645546895
30645546909
30645546910
30645546911
30645546912
30645546913
30645546914
30645546915
30645546919
30645546920
30645546921
30645546922
30645546923
30645546924
30645546934
30645546935
30645546936
30645546937
30645546938
30645546939
30645546941
30645546942
30645546943
30645546944
30645546945
30645546946
30645546954
30645546955
30645546956
30645546957
30645546970
30645546971
30645546972
30645546973
30645546974
30645546975
30645546976
30645546977
30645546983
30645546984
30645546985
30645546986
30645546990
30645546991
30645546992
30645546993
30645546994
30645546995
30645546996
30645546997
30645546998
30645546999
30645547000
30645547001
30645547004
30645547005
30645547006
30645547007
30645547008
30645547010
30645547022
30645547023
30645547024
30645547025
30645547026
30645547027
30645547028
30645547029
30645547030
30645547031
30645547032
30645547033
30645547034
30645547035
30645547036
30645547037
30645547038
30645547039
30645547040
30645547041
30645547042
30645547043
30645547048
30645547049
30645549463
30645549464
30645549465
30645549467
30645549468
30645549469
30645549470
30645549471
30645549472
30645549473
30645549484
30645549485
30645549486
30645549487
30645549488
30645549489
30645549490
30645549491
30645549492
30645549493
30645549495
30645549496
30645549497
30645549498
30645549499
30645549500
30645549501
30645549502
30645549503
30645549504
30645549512
30645549514
30645549515
30645549516
30645549517
30645549518
30645549519
30645549520
30645549521
30645549522
30645549523
30645549524
30645549525
30645549526
30645549527
30645549542
30645549543