30645621013
30645621014
30645621015
30645621016
30645621017
30645621018
30645621019
30645621024
30645621025
30645621027
30645621028
30645621031
30645621034
30645621040
30645621043
30645621047
30645621048
30645621049
30645621065
30645621067
30645621071
30645635741
30645635742
30645635743
30645635744
30645635754
30645635755
30645635770
30645635777
30645635783
30645635785
30645635786
30645635793
30645635794
30645635805
30645635806
30645635807
30645635811
30645635817
30645635818
30645635822
30645635825
30645635826
30645635827
30645635834
30645635835
30645635836
30645635837
30645635838
30645635839
30645635857
30645635858
30645635871
30645635899
30645635900
30645635907
30645635908
30645635909
30645635919
30645635920
30645635921
30645635925
30645635941
30645635942
30645635943
30645635944
30645635950
30645635951
30645635952
30645635953
30645635954
30645635962
30645635963
30645635967
30645635977
30645635978
30645635979
30645635980
30645635981
30645635982
30645635983
30645636001
30645636012
30645636033
30645636039
30645636040
30645636043
30645636049
30645636055
30645636056
30645636067
30645636068
30645636082
30645636090
30645636091
30645636097
30645636098
30645636106
30645636107
30645636108
30645636109
30645636110
30645636122
30645636123
30645636140
30645636141
30645636145
30645636146
30645636147
30645636148
30645636149
30645636153
30645636154
30645636160
30645636161
30645636172
30645636173
30645636186
30645636203
30645636211
30645636212
30645636221
30645636222
30645636223
30645636224
30645636225
30645636226
30645636227
30645636228
30645636236
30645645531
30645645538
30645645539
30645645544
30645645550
30645645551
30645645562
30645645563
30645645564
30645645572
30645645594
30645645597
30645645607
30645645608
30645645609
30645645619
30645645620
30645645630
30645645631
30645645632
30645645641
30645645644
30645645651
30645645660
30645645670
30645645680
30645645687
30645645688
30645645689
30645645697
30645645715
30645645723
30645645732
30645645737
30645645738
30645645748
30645645762
30645645766
30645645776
30645645777
30645645783
30645645784
30645645807
30645645813
30645645814
30645645828
30645645829
30645645830
30645645837
30645645838
30645645839
30645645862
30645645876
30645645891
30645645905
30645645913
30645645923
30645645935
30645645936
30645645938
30645645945
30645645946
30645645957
30645645960
30645645961
30645645990
30645645991
30645646003
30645646007
30645646010
30645646011
30645646012
30645646014
30645646015
30645646023
30645646030
30645646037
30645646040
30645646043
30645646045
30645646048
30645646049
30645646050
30645646051
30645646055
30645646074
30645646082
30645646090
30645646091
30645646100
30645646103
30645646117
30645646128
30645646129
30645646134
30645646140
30645646154
30645646155
30645646167
30645646168
30645646192
30645646193
30645646194
30645646201
30645646202
30645646221
30645646231
30645646238
30645646243
30645646244
30645646245
30645646250
30645646254
30645646255
30645646256
30645646257
30645646258
30645646269
30645646270
30645646289
30645646298
30645646299
30645646300
30645646313
30645646317
30645646318
30645646319
30645646328
30645646329
30645646330
30645646335
30645646347
30645646350
30645646351
30645646360
30645646368
30645646386
30645646402
30645646417
30645646449
30645646463
30645646476
30645646477
30645646491
30645646505
30645646512
30645646513
30645648633
30645648663
30645648672
30645648673
30645648681
30645648705
30645648711
30645648712
30645648713
30645648714
30645648715
30645648716
30645648717
30645648718
30645648724
30645648725
30645648726
30645648727
30645648728
30645648730
30645648731
30645648732
30645648733
30645648734
30645648735
30645648736
30645648737
30645648738
30645648739
30645648740
30645648741
30645648742
30645648743
30645648744
30645648745
30645648746
30645648747
30645648748
30645648749
30645648750
30645648831
30645648966
30645649076
30645649085
30645649086
30645649088
30645649089
30645649094
30645649098
30645649101
30645649105
30645649106
30645649107
30645649127
30645649140
30645649159
30645649162
30645649170
30645649188
30645649189
30645649195
30645649200
30645649218
30645649219
30645649233
30645649244
30645649253
30645649262
30645649276
30645649279
30645649284
30645649304
30645649305
30645649306
30645649312
30645649331
30645649339
30645649351
30645649355
30645649356
30645649357
30645649358
30645649368
30645649382
30645649389
30645649406
30645649407
30645649408
30645649419
30645649420
30645649435
30645649436
30645649447
30645649448
30645649449
30645649455
30645649460
30645649475
30645649476
30645649497
30645649498
30645649499
30645649500
30645649501
30645649509
30645649517
30645649539
30645649540
30645649548
30645649560
30645649572
30645649596
30645649621
30645651640
30645651652
30645651653
30645651654
30645651655
30645651669
30645651670
30645651671
30645651672
30645651715
30645651716
30645651717
30645651718
30645651719
30645651742
30645651754
30645651762
30645651763
30645651786
30645651787
30645651788
30645651789
30645651803
30645651804
30645651805
30645651806
30645651814
30645651815
30645651825
30645651826
30645651851
30645651866
30645651882
30645651883
30645651907
30645651908
30645651918
30645651919
30645651921
30645651934
30645651935
30645651938
30645651966
30645651967
30645651995
30645651998
30645652012
30645652036
30645652059
30645652065
30645652078
30645652079
30645652113
30645652114
30645652115
30645652127
30645652138
30645652139
30645652160
30645652161
30645652162
30645652163
30645652164
30645652169
30645652190
30645652192
30645652203
30645652204
30645652216
30645652221
30645652233
30645652246
30645652247
30645652283
30645652284
30645652289
30645652293
30645652309
30645652310
30645652311
30645652313
30645652314
30645652315
30645652317
30645652319
30645652322
30645652328
30645652336
30645652337
30645652339
30645652341
30645652342
30645652343
30645652347
30645652350
30645652351
30645652352
30645652353
30645652354
30645652356
30645652360
30645652361
30645652362
30645652367
30645652368
30645652375
30645652376
30645652377
30645652379
30645652388
