30645997479
30645997491
30645997492
30645997493
30645997498
30645997499
30645997502
30645997503
30645997504
30645997505
30645997506
30645997507
30645997516
30645997517
30645997520
30645997521
30645997522
30645997540
30645997541
30645997542
30645997543
30645997544
30645997545
30645997546
30645997547
30645997548
30645997549
30645997557
30645997563
30645997570
30645997571
30645997572
30645997573
30645997601
30645997602
30645997603
30645997610
30645997626
30645997627
30645997628
30645997651
30645997653
30645997654
30645997655
30645997656
30645997657
30645997658
30645997659
30645997660
30645997661
30645997662
30645997663
30645997664
30645997666
30645997667
30645997668
30645997669
30645997670
30645997671
30645997672
30645997673
30645997693
30645997694
30645997695
30645997716
30645997717
30645997718
30645997719
30645997721
30645997722
30645997723
30645997724
30645997725
30645997726
30645997727
30645997728
30645997729
30645997730
30645997731
30645997732
30645997733
30645997739
30645997747
30645997748
30645997749
30645997756
30645997764
30645997766
30645997767
30645997768
30645997788
30645997789
30645997790
30645997791
30645997792
30645997793
30645997794
30645997795
30645997796
30645997797
30645997799
30645997800
30645997804
30645997805
30645997806
30645997859
30645997861
30645997863
30645997864
30645997865
30645997867
30645997868
30645997869
30645997870
30645997871
30645997872
30645997873
30645997874
30645997875
30645997879
30645997880
30645997902
30645997912
30645997913
30645997914
30645997938
30645997939
30645997940
30645997941
30645997942
30645997943
30645997949
30645997950
30645997960
30645997968
30645997973
30645997974
30645997979
30645997983
30645997984
30645997985
30645997986
30645998000
30645998003
30645998004
30645998033
30645998037
30645998044
30645998056
30645998057
30645998064
30645998065
30645998073
30645998074
30645998075
30645998076
30645998077
30645998078
30645998095
30645998103
30645998104
30645998114
30645998128
30645998129
30645998130
30645998144
30645998158
30645998159
30645998163
30645998166
30645998167
30645998175
30645998176
30645998177
30645998187
30645998188
30645998191
30645998201
30645998204
30645998205
30645998206
30645998207
30645998216
30645998220
30645998221
30645998239
30645998240
30645998249
30645998250
30645998251
30645998264
30645998265
30645998266
30645998267
30645998287
30645998288
30645998289
30645998298
30645998299
30645998300
30645998303
30645998327
30645998328
30645998346
30645998347
30645998356
30645998357
30645998358
30645998359
30645998360
30645998367
30645998374
30645998375
30645998376
30645998387
30645998388
30645998389
30645998390
30645998400
30645998419
30645998423
30645998425
30645998446
30645998449
30645998464
30645998468
30645998479
30645998480
30645998490
30645998498
30645998501
30645998511
30645998519
30645998529
30645998566
30645998572
30645998573
30645998580
30645998585
30645998587
30645998590
30645998602
30645998603
30645998604
30645998608
30645998609
30645998619
30645998620
30645998621
30645998625
30645998630
30645998641
30645998642
30645998643
30645998648
30645998649
30645998650
30645998651
30645998652
30645998653
30645998654
30645998655
30645998656
30645998657
30645998658
30645998659
30645998660
30645998661
30645998662
30645998669
30645998670
30645998672
30645998673
30645998674
30645998675
30645998676
30645998677
30645998678
30645998679
30645998680
30645998681
30645998682
30645998683
30645998684
30645998685
30645998686
30645998687
30645998688
30645998693
30645998694
30645998695
30645998696
30645998717
30645998718
30645998725
30645998726
30645998728
30645998730
30645998731
30645998736
30645998740
30645998741
30645998742
30645998748
30645998749
30645998750
30645998751
30645998752
30645998762
30645998763
30645998771
30645998781
30645998784
30645998785
30645998786
30645998789
30645998796
30645998797
30645998800
30645998803
30645998810
30645998811
30645998812
30645998813
30645998814
30645998818
30645998819
30645998836
30645998837
30645998838
30645998839
30645998849
30645998851
30645998854
30645998855
30645998856
30645998857
30645998858
30645998860
30645998861
30645998862
30645998863
30645998865
30645998866
30645998867
30645998883
30645998900
30645998901
30645998912
30645998913
30645998914
30645998921
30645998922
30645998923
30646023103
30646023104
30646023105
30646023129
30646023136
30646023150
30646023151
30646023152
30646023157
30646023158
30646023159
30646023170
30646023180
30646023188
30646023189
30646023190
30646023191
30646023192
30646023204
30646023210
30646023211
30646023212
30646023217
30646023220
30646023221
30646023222
30646023223
30646023224
30646023225
30646023226
30646023227
30646023228
30646023229
30646023230
30646023231
30646023232
30646023233
30646023234
30646023238
30646023239
30646023240
30646023241
30646023242
30646023248
30646023249
30646023250
30646023251
30646023252
30646023253
30646023254
30646023255
30646023256
30646023257
30646023258
30646023259
30646023260
30646023261
30646023262
30646023263
30646023264
30646023265
30646023266
30646023267
30646023268
30646023272
30646023276
30646023278
30646023279
30646023280
30646023281
30646023282
30646023285
30646023287
30646023288
30646023289
30646023290
30646023291
30646023292
30646023293
30646023294
30646023295
30646023296
30646023297
30646023298
30646023299
30646023300
30646023301
30646023305
30646023307
30646023308
30646023309
30646023326
30646023327
30646023328
30646023329
30646023330
30646023331
30646023332
30646023334
30646023336
30646023337
30646023342
30646023343
30646023344
30646023345
30646023348
30646023349
30646023352
30646023353
30646023354
30646023355
30646023356
30646023359
30646023360
30646023361
30646023362
30646023363
30646023364
30646023365
30646023366
30646023367
30646023368
30646023369
30646023371
30646023373
30646023375
30646023379
30646023380
30646023383
30646023386
30646023387
30646023388
30646023389
30646023390
30646023391
30646023392
30646023393
30646023394
30646023395
30646023396
30646023397
30646023398
30646023405
30646023406
30646023407
30646023408
