30645645987
30645731328
30645746178
30645772146
30645772147
30645772148
30645772149
30645772150
30645772151
30645772152
30645772153
30645772154
30645772155
30645772156
30645772157
30645772162
30645772163
30645772164
30645772165
30645790496
30645790906
30645804347
30645826434
30645827287
30645837696
30645838038
30645838088
30645838179
30645838180
30645838181
30645838182
30645838183
30645838184
30645838185
30645838187
30645838188
30645838199
30645838200
30645838201
30645838202
30645838203
30645838204
30645838205
30645838206
30645838207
30645838208
30645838209
30645838557
30645838599
30645838601
30645839462
30645866790
30645877457
30645877489
30645877632
30645877648
30645877710
30645877717
30645877747
30645877754
30645877800
30645877812
30645877904
30645878067
30645878068
30645878101
30645878120
30645878212
30645878251
30645878305
30645878314
30645878315
30645878323
30645878330
30645878345
30645878346
30645878351
30645878353
30645878371
30645887976
30645888014
30645888019
30645888022
30645888031
30645888036
30645888037
30645888043
30645888044
30645888086
30645888089
30645888093
30645888112
30645888127
30645888132
30645888134
30645888135
30645888138
30645888141
30645888146
30645888169
30645888189
30645888190
30645888192
30645888238
30645888256
30645888267
30645888278
30645888293
30645888312
30645888368
30645888377
30645888380
30645888449
30645888452
30645888453
30645898347
30645898366
30645898398
30645898410
30645898413
30645898415
30645898428
30645898441
30645898442
30645898443
30645898473
30645898475
30645898480
30645898482
30645898488
30645898548
30645898554
30645898589
30645898597
30645898598
30645898647
30645898659
30645898689
30645898697
30645898701
30645898743
30645898771
30645898826
30645898833
30645898847
30645898848
30645898913
30645898935
30645898939
30645898945
30645899002
30645899110
30645899117
30645899118
30645899127
30645899128
30645899160
30645899166
30645899177
30645899182
30645899198
30645899210
30645899211
30645899212
30645899213
30645899214
30645899215
30645899216
30645899217
30645899218
30645899219
30645899220
30645899221
30645899222
30645899223
30645899224
30645899225
30645899244
30645899245
30645899257
30645899258
30645899262
30645899265
30645899266
30645899268
30645899269
30645899270
30645899276
30645899277
30645899278
30645899280
30645899292
30645899293
30645899295
30645899297
30645899305
30645899313
30645899317
30645899318
30645899319
30645899320
30645899323
30645899326
30645899327
30645899328
30645899334
30645899335
30645899336
30645899337
30645899339
30645906242
30645906244
30645906255
30645906257
30645906260
30645906261
30645906262
30645906263
30645906264
30645906282
30645906293
30645906296
30645906297
30645906318
30645906320
30645906332
30645906345
30645906346
30645906347
30645906353
30645906362
30645906363
30645906364
30645906373
30645906374
30645906376
30645906395
30645906396
30645906405
30645906406
30645906414
30645906422
30645906423
30645906427
30645906439
30645906440
30645906441
30645906442
30645906443
30645906444
30645906445
30645906455
30645906464
30645906476
30645906477
30645906479
30645906480
30645906481
30645906482
30645906483
30645906492
30645906495
30645906501
30645906502
30645906511
30645906529
30645906530
30645906531
30645906538
30645906540
30645906541
30645906542
30645906552
30645906556
30645906557
30645906558
30645906561
30645906564
30645906565
30645906572
30645906586
30645906592
30645906593
30645906594
30645906611
30645906621
30645906622
30645906623
30645906624
30645906625
30645906626
30645906627
30645906628
30645906630
30645906634
30645906636
30645906637
30645906638
30645906639
30645906640
30645906641
30645906646
30645906656
30645906658
30645906659
30645906660
30645906661
30645906662
30645906666
30645906672
30645906673
30645906674
30645906675
30645906676
30645906677
30645906678
30645906679
30645906680
30645906681
30645906682
30645906683
30645906684
30645906685
30645906686
30645906687
30645906688
30645906689
30645906690
30645906691
30645906692
30645906693
30645906694
30645906696
30645906701
30645906704
30645906705
30645906706
30645906709
30645906712
30645906714
30645906716
30645906717
30645906719
30645906722
30645906723
30645906725
30645906726
30645906744
30645906745
30645906746
30645906747
30645906748
30645906749
30645906750
30645906752
30645906753
30645906757
30645906759
30645906760
30645906761
30645906764
30645906766
30645906767
30645906768
30645906769
30645906770
30645906785
30645906786
30645906787
30645906788
30645906789
30645906790
30645906791
30645906793
30645906794
30645906795
30645906796
30645906797
30645906798
30645906799
30645906800
30645906801
30645906802
30645906803
30645906804
30645906805
30645906806
30645906807
30645906808
30645906811
30645906818
30645906820
30645906821
30645906826
30645906828
30645906836
30645906837
30645906838
30645906839
30645906840
30645906843
30645906844
30645906845
30645906846
30645906847
30645906848
30645906849
30645906851
30645906858
30645906859
30645906860
30645906861
30645906862
30645906863
30645906864
30645906865
30645906883
30645906884
30645906885
30645906886
30645906887
30645906888
30645906889
30645906891
30645906892
30645906899
30645906915
30645906916
30645906917
30645906918
30645906919
30645906920
30645906921
30645906922
30645906930
30645906931
30645906932
30645906935
30645906938
30645906939
30645906940
30645906941
30645906942
30645906944
30645906948
30645906949
30645906950
30645906951
30645906952
30645906953
30645906954
30645906955
30645906956
30645906957
30645906961
30645906962
30645906963
30645906964
30645906967
30645906968
30645906970
30645906971
30645906978
30645906979
30645906980
30645906984
30645906986
30645906987
30645906988
30645906989
30645906990
30645906991
30645906992
30645907008
30645907010
30645907011
30645907012
30645907014
30645907018
30645907019
30645907020
30645907021
30645907022
30645907026
30645907037
30645907039
30645907040
30645907041
30645907045
30645907053
30645907054
30645907055
30645907057
30645907058
30645907059
30645907067
30645907070
30645907071
30645907072
30645907073