30645546334
30645587980
30645588413
30645620276
30645620478
30645635812
30645636087
30645636198
30645645864
30645645877
30645645967
30645645987
30645646102
30645646261
30645648686
30645651836
30645686204
30645715440
30645715808
30645715816
30645725824
30645725951
30645726111
30645726153
30645727518
30645727673
30645727674
30645727714
30645727865
30645727881
30645728103
30645728143
30645728208
30645728256
30645728390
30645730676
30645730704
30645730734
30645730833
30645731192
30645731279
30645731328
30645731335
30645745803
30645745920
30645745960
30645746086
30645746178
30645746294
30645746343
30645746433
30645759891
30645760087
30645771548
30645771594
30645771609
30645771627
30645771655
30645771671
30645771863
30645772017
30645772021
30645772042
30645772146
30645772147
30645772148
30645772149
30645772150
30645772151
30645772152
30645772153
30645772154
30645772155
30645772156
30645772157
30645772162
30645772163
30645772164
30645772165
30645772413
30645790258
30645790302
30645790322
30645790469
30645790496
30645790574
30645790609
30645790670
30645790697
30645790799
30645790886
30645790906
30645791011
30645791139
30645791199
30645791219
30645791220
30645791222
30645803417
30645803440
30645803480
30645803521
30645803610
30645803613
30645803642
30645803666
30645803703
30645803721
30645803723
30645803753
30645803754
30645803770
30645803803
30645803822
30645803889
30645803904
30645803956
30645804163
30645804224
30645804270
30645804287
30645804347
30645804371
30645818272
30645818282
30645818284
30645818330
30645818339
30645818507
30645818666
30645818716
30645818718
30645818737
30645826377
30645826434
30645826447
30645826448
30645826531
30645826573
30645826582
30645826586
30645826620
30645826707
30645826752
30645826907
30645826919
30645826946
30645827036
30645827041
30645827058
30645827112
30645827115
30645827132
30645827155
30645827176
30645827201
30645827287
30645831345
30645831371
30645831382
30645831402
30645831420
30645831573
30645831625
30645831628
30645831663
30645831691
30645831693
30645831706
30645831721
30645831729
30645831733
30645831762
30645831772
30645831807
30645831811
30645831814
30645831850
30645831877
30645831881
30645831882
30645831929
30645831930
30645832002
30645832016
30645832017
30645832024
30645832054
30645832057
30645832075
30645832078
30645832102
30645832123
30645832137
30645832147
30645832265
30645832279
30645832280
30645833971
30645833996
30645834094
30645834126
30645834170
30645834194
30645834228
30645834230
30645834241
30645834257
30645834275
30645834281
30645834302
30645834327
30645834381
30645834511
30645834564
30645834571
30645834615
30645834696
30645834709
30645834710
30645834735
30645834796
30645834841
30645834846
30645834871
30645837603
30645837624
30645837652
30645837696
30645837749
30645837750
30645837781
30645837816
30645837824
30645837843
30645837862
30645837910
30645837966
30645837967
30645837981
30645837983
30645838018
30645838038
30645838051
30645838052
30645838088
30645838179
30645838180
30645838181
30645838182
30645838183
30645838184
30645838185
30645838187
30645838188
30645838199
30645838200
30645838201
30645838202
30645838203
30645838204
30645838205
30645838206
30645838207
30645838208
30645838209
30645838210
30645838272
30645838273
30645838356
30645838398
30645838441
30645838444
30645838495
30645838497
30645838499
30645838501
30645838503
30645838507
30645838520
30645838545
30645838550
30645838556
30645838557
30645838599
30645838600
30645838601
30645838629
30645838636
30645838639
30645838641
30645838647
30645838711
30645838718
30645838770
30645838805
30645838806
30645838898
30645838907
30645838934
30645838944
30645838961
30645838966
30645838976
30645838979
30645838980
30645838981
30645838982
30645838983
30645838984
30645838985
30645838988
30645838989
30645838990
30645838991
30645838999
30645839008
30645839026
30645839042
30645839043
30645839047
30645839053
30645839086
30645839087
30645839104
30645839105
30645839133
30645839157
30645839158
30645839164
30645839165
30645839170
30645839182
30645839185
30645839230
30645839248
30645839250
30645839255
30645839257
30645839266
30645839296
30645839297
30645839299
30645839315
30645839321
30645839336
30645839338
30645839341
30645839342
30645839345
30645839349
30645839350
30645839351
30645839352
30645839356
30645839385
30645839398
30645839428
30645839429
30645839430
30645839431
30645839434
30645839435
30645839436
30645839437
30645839454
30645839458
30645839460
30645839462
30645839463
30645839464
30645839465
30645839470
30645839478
30645839481
30645839483
30645839492
30645839493
30645839501
30645839502
30645839503
30645839505
30645839519
30645839524
30645839525
30645839526
30645839527
30645839528
30645839539
30645839542
30645839547
30645839559
30645839561
30645839564
30645866501
30645866527
30645866559
30645866585
30645866594
30645866595
30645866612
30645866618
30645866619
30645866621
30645866632
30645866633
30645866634
30645866635
30645866636
30645866638
30645866646
30645866647
30645866671
30645866672
30645866674
30645866675
30645866676
30645866685
30645866687
30645866695
30645866697
30645866699
30645866712
30645866719
30645866720
30645866722
30645866723
30645866724
30645866725
30645866727
30645866757
30645866758
30645866759
30645866769
30645866771
30645866772
30645866773
30645866790
30645866805
30645866821
30645866825
30645866826
30645866850
30645866866
30645866867
30645866879
30645866913
30645866917
30645866919
30645866920
30645866922
30645866936
30645866937
30645866938
30645866962
30645866963
30645866966
30645866968
30645866969
30645866973
30645866975
30645866976
30645866978
30645866979
30645866987
30645866989
30645877383
30645877384
30645877387
30645877388
30645877389
30645877391
30645877392
30645877393
30645877394
30645877400
30645877403
30645877404
30645877409
30645877422
30645877427
30645877450
30645877451
30645877456
30645877457
30645877458
30645877459
30645877464
30645877467
30645877474
30645877489
30645877490
30645877492
30645877496
30645877498
30645877503
30645877504
30645877508
30645877550
30645877553