30645942121
30645942122
30645942123
30645942124
30645942133
30645942134
30645942135
30645942136
30645942137
30645942138
30645942139
30645942152
30645942154
30645942155
30645942157
30645942160
30645942162
30645942166
30645942167
30645942168
30645942169
30645942170
30645942171
30645942172
30645942173
30645942174
30645942175
30645942176
30645942177
30645942178
30645942179
30645942180
30645942181
30645942182
30645942185
30645942201
30645942202
30645942203
30645942207
30645942208
30645942209
30645942211
30645942212
30645942220
30645942221
30645942222
30645942223
30645942224
30645942225
30645942226
30645942227
30645942228
30645942229
30645942230
30645942231
30645942232
30645942233
30645942234
30645942243
30645942252
30645942253
30645942254
30645942255
30645942263
30645942264
30645942265
30645942266
30645942267
30645942268
30645942269
30645942271
30645942272
30645942273
30645942274
30645942275
30645942276
30645942277
30645942278
30645942279
30645942280
30645942281
30645942287
30645942294
30645942295
30645942296
30645942297
30645942298
30645942299
30645942300
30645942301
30645942302
30645942303
30645942304
30645942305
30645942308
30645942310
30645942314
30645942315
30645942316
30645942317
30645942318
30645942319
30645942320
30645942321
30645942323
30645942324
30645942330
30645942331
30645942336
30645942337
30645942338
30645942339
30645942340
30645942341
30645942342
30645942349
30645942357
30645942358
30645942359
30645942360
30645942361
30645942362
30645942363
30645942375
30645942378
30645942379
30645942380
30645942381
30645942383
30645942389
30645942390
30645942391
30645942392
30645942393
30645942394
30645942395
30645942401
30645942402
30645942403
30645942404
30645942405
30645942406
30645942407
30645942408
30645942409
30645942410
30645942411
30645942412
30645942413
30645942414
30645942415
30645942416
30645942417
30645942419
30645942420
30645942421
30645942422
30645942423
30645942424
30645942425
30645942426
30645942429
30645942430
30645942444
30645942445
30645942446
30645942458
30645942459
30645942460
30645942461
30645942462
30645942463
30645942464
30645942465
30645942466
30645942467
30645942468
30645942469
30645942470
30645942471
30645942472
30645942476
30645942477
30645942478
30645942492
30645942493
30645942494
30645942495
30645942496
30645942497
30645942498
30645942499
30645942500
30645942505
30645942506
30645942507
30645942508
30645942509
30645942510
30645942511
30645942512
30645942513
30645942514
30645942515
30645942518
30645942525
30645942526
30645942527
30645942528
30645942529
30645942530
30645942534
30645942535
30645942536
30645942537
30645942538
30645942539
30645942540
30645942541
30645942542
30645942543
30645942544
30645942545
30645942546
30645942547
30645942558
30645942559
30645942560
30645942561
30645942562
30645942563
30645942564
30645942565
30645942566
30645942567
30645942568
30645942569
30645942570
30645942571
30645942572
30645942573
30645942574
30645942575
30645942576
30645942577
30645942578
30645942581
30645942582
30645942583
30645942584
30645942585
30645942586
30645942587
30645942588
30645942589
30645942591
30645942593
30645942594
30645942604
30645942605
30645942606
30645942608
30645942609
30645942610
30645942611
30645942612
30645942619
30645942620
30645942621
30645942622
30645942623
30645942624
30645942625
30645942626
30645942627
30645942628
30645942629
30645942630
30645942631
30645942638
30645942639
30645942640
30645942648
30645942649
30645942650
30645942651
30645942652
30645942653
30645942654
30645942655
30645942656
30645942657
30645942658
30645942659
30645942660
30645942661
30645942662
30645942663
30645942664
30645942665
30645942666
30645942667
30645942668
30645942669
30645942670
30645942671
30645942672
30645942673
30645942674
30645942675
30645942676
30645942677
30645942678
30645942679
30645942688
30645942689
30645942695
30645942696
30645942697
30645942698
30645942701
30645942703
30645942704
30645942705
30645942707
30645942708
30645942709
30645942717
30645942733
30645942734
30645942735
30645942736
30645942737
30645942738
30645942739
30645942740
30645942741
30645942742
30645942743
30645942748
30645942749
30645942750
30645942751
30645942752
30645942757
30645942758
30645942768
30645942769
30645942770
30645942772
30645942773
30645942774
30645942775
30645942776
30645942777
30645942778
30645942779
30645942780
30645942781
30645942782
30645942783
30645942784
30645942785
30645942790
30645942791
30645942792
30645942793
30645942794
30645942795
30645942796
30645942797
30645942798
30645942799
30645942812
30645942813
30645942814
30645942815
30645942816
30645942817
30645942818
30645942820
30645942821
30645942825
30645942826
30645942827
30645942828
30645942829
30645942830
30645942842
30645942843
30645942844
30645942845
30645942846
30645942847
30645942848
30645942849
30645942850
30645942851
30645942853
30645942854
30645942855
30645942856
30645942857
30645942858
30645942859
30645942860
30645942861
30645942862
30645942863
30645942867
30645942868
30645942877
30645942878
30645942879
30645942880
30645942881
30645942882
30645942892
30645942893
30645942894
30645942895
30645942906
30645942907
30645942908
30645942910
30645942911
30645942912
30645942913
30645942914
30645942915
30645942916
30645942917
30645942923
30645942924
30645942925
30645942926
30645942928
30645942929
30645942942
30645942943
30645942944
30645942945
30645942946
30645942947
30645942948
30645942949
30645942953
30645942954
30645942955
30645942956
30645942957
30645942958
30645942959
30645942962
30645942969
30645942970
30645942971
30645942972
30645942973
30645942974
30645942975
30645942985
30645942986
30645942987
30645942988
30645942990
30645942991
30645942992
30645942993
30645942994
30645942995
30645942996
30645942997
30645942998
30645942999
30645943000
30645943001
30645943002
30645943003
30645943004
30645943005
30645943006
30645943007
30645943008
30645943017
30645943018
30645943021
30645943023
30645943024
30645943028
30645943029
30645943030
30645943031
30645943032
30645943033
30645943034
30645943035
30645943039
30645943040
30645943041
