30645552406
30645552407
30645552408
30645552409
30645552411
30645552412
30645552413
30645552414
30645552415
30645552416
30645552417
30645552418
30645552419
30645552420
30645552421
30645552422
30645552425
30645552426
30645552427
30645552429
30645552430
30645552432
30645552448
30645552449
30645552450
30645552451
30645552452
30645552453
30645552454
30645552455
30645552456
30645552457
30645552458
30645552459
30645552460
30645552461
30645552462
30645552463
30645552464
30645552465
30645552466
30645552467
30645552468
30645552469
30645552470
30645552471
30645552472
30645552473
30645552474
30645552475
30645552476
30645552477
30645552479
30645552490
30645552495
30645552496
30645552497
30645552498
30645552499
30645552500
30645552501
30645552502
30645552503
30645552504
30645552505
30645552506
30645552507
30645552508
30645552509
30645552510
30645552511
30645552512
30645552513
30645552514
30645552515
30645552516
30645552517
30645552518
30645552519
30645552520
30645552521
30645552522
30645552523
30645552524
30645552525
30645552526
30645552527
30645552528
30645552529
30645552530
30645552531
30645552532
30645552533
30645552534
30645552535
30645552536
30645552537
30645552538
30645552539
30645552540
30645552541
30645552542
30645552565
30645552566
30645552568
30645552569
30645552570
30645552575
30645552576
30645552577
30645552578
30645552579
30645552580
30645552581
30645552582
30645552583
30645552585
30645552586
30645552588
30645552589
30645552591
30645552593
30645552599
30645552614
30645552615
30645552617
30645552621
30645552628
30645552634
30645552635
30645552636
30645552637
30645552638
30645552639
30645552640
30645552641
30645552642
30645552645
30645552647
30645552653
30645552654
30645552655
30645552656
30645552657
30645552658
30645552659
30645552671
30645552672
30645552673
30645552674
30645552675
30645552676
30645552677
30645552678
30645552679
30645552681
30645552685
30645552686
30645552687
30645552688
30645552689
30645552690
30645552691
30645552692
30645552693
30645552694
30645578750
30645578751
30645578754
30645578757
30645578760
30645578761
30645578762
30645578763
30645578764
30645578765
30645578766
30645578767
30645578768
30645578769
30645578783
30645578784
30645578785
30645578786
30645578787
30645578788
30645578790
30645578791
30645578792
30645578793
30645578794
30645578795
30645578796
30645578798
30645578802
30645578803
30645578804
30645578805
30645578806
30645578807
30645578808
30645578809
30645578810
30645578815
30645578816
30645578817
30645578818
30645578819
30645578822
30645578823
30645578824
30645578825
30645578826
30645578827
30645578828
30645578830
30645578831
30645578833
30645578834
30645578835
30645578836
30645578837
30645578838
30645578839
30645578843
30645578844
30645578845
30645578846
30645578847
30645578848
30645578850
30645578851
30645578852
30645578856
30645578866
30645578867
30645578868
30645578869
30645578871
30645578872
30645578874
30645578875
30645578877
30645578883
30645578884
30645578885
30645578886
30645578887
30645578888
30645578889
30645578890
30645578891
30645578894
30645578896
30645578897
30645578904
30645578905
30645578906
30645578907
30645578908
30645578909
30645578910
30645578911
30645578912
30645578913
30645578914
30645578915
30645578916
30645578917
30645578918
30645578919
30645578920
30645578921
30645578922
30645578923
30645578924
30645578925
30645578926
30645578927
30645578928
30645578929
30645578930
30645578931
30645578932
30645578933
30645578934
30645578935
30645578945
30645578946
30645578952
30645578953
30645578954
30645578955
30645578956
30645578957
30645578959
30645578960
30645578961
30645578962
30645578970
30645578971
30645578972
30645578973
30645578974
30645578975
30645578976
30645578977
30645578978
30645578979
30645578980
30645578981
30645578982
30645578983
30645578984
30645578985
30645578986
30645578987
30645578988
30645578996
30645578997
30645578998
30645578999
30645579000
30645579001
30645579002
30645579004
30645579006
30645579007
30645579008
30645579013
30645579014
30645579015
30645579016
30645579017
30645579018
30645579019
30645579020
30645579021
30645579022
30645579023
30645579024
30645579025
30645579026
30645579027
30645579036
30645579037
30645579038
30645579039
30645579045
30645579046
30645579047
30645579049
30645579050
30645579051
30645579053
30645579054
30645579055
30645579059
30645579060
30645579061
30645579062
30645579063
30645579064
30645579071
30645579072
30645579073
30645579079
30645579080
30645579081
30645579082
30645579083
30645579084
30645579085
30645579086
30645579087
30645579088
30645579089
30645579090
30645579092
30645579093
30645579094
30645579095
30645579096
30645579097
30645579098
30645579106
30645579107
30645579108
30645579109
30645579110
30645579111
30645579112
30645579113
30645579114
30645579115
30645579116
30645579127
30645579128
30645579137
30645579138
30645579139
30645579140
30645579141
30645579142
30645579143
30645579144
30645579145
30645579146
30645579147
30645579148
30645579149
30645579150
30645579151
30645579154
30645579155
30645579156
30645579157
30645579158
30645579159
30645579160
30645579161
30645579162
30645579163
30645579164
30645579165
30645579184
30645579185
30645579186
30645579187
30645579188
30645579189
30645579190
30645579191
30645579192
30645579193
30645579194
30645579195
30645579196
30645579197
30645579198
30645579199
30645579200
30645579201
30645579202
30645579203
30645579204
30645579205
30645579206
30645579207
30645579214
30645579215
30645579216
30645579217
30645579218
30645579219
30645579220
30645579221
30645579222
30645579223
30645579226
30645579227
30645579236
30645579237
30645579238
30645579239
30645579240
30645579241
30645579242
30645579243
30645579244
30645579245
30645579246
30645579256
30645579269
30645579271
30645579273
30645579276
30645579285
30645579286
30645579287
30645579288
30645579289
30645579290
30645579291
30645579301
30645579308
30645579309
30645579310
30645579311
30645579312
30645579313
30645579314
30645579316
30645579317
30645579319
30645579320
30645579326
30645579327
30645579328
30645579332
