30645610372
30645866552
30645898365
30645899231
30645899232
30645899233
30645921957
30645921982
30645921983
30645949665
30645949685
30645949686
30645949687
30645949688
30645949707
30645951385
30645951386
30645951387
30645951388
30645951389
30645951390
30645951391
30645951392
30645951393
30645951394
30645951395
30645951396
30645951405
30645951406
30645951407
30645997209
30645997210
30645997211
30645997212
30645997213
30645997214
30645997215
30645997216
30645997217
30645997226
30645997227
30645997228
30645997229
30645997230
30645997231
30645997232
30645997233
30645997234
30645997235
30645997236
30645997237
30645997238
30645997239
30645997240
30645997241
30646050070
30646050224
30646050225
30646050226
30646050227
30646050228
30646050229
30646050230
30646050231
30646050232
30646050233
30646050234
30646050235
30646050237
30646050238
30646050239
30646050240
30646050241
30646050242
30646050243
30646050244
30646050245
30646050246
30646050247
30646050248
30646050263
30646050264
30646050265
30646050266
30646050267
30646050268
30646050269
30646050270
30646050271
30646050272
30646050273
30646050274
30646050275
30646050283
30646050284
30646050285
30646050286
30646050287
30646050288
30646050289
30646050290
30646050291
30646050292
30646050293
30646050294
30646050300
30646050301
30646050302
30646050303
30646050304
30646050305
30646050306
30646050307
30646050308
30646050309
30646050310
30646080273
30646080274
30646080275
30646080276
30646080277
30646080278
30646080279
30646080280
30646080281
30646080282
30646080283
30646080284
30646080295
30646080296
30646080297
30646080298
30646080299
30646080300
30646080301
30646080302
30646080303
30646080304
30646080314
30646080315
30646080316
30646080317
30646080318
30646080319
30646080320
30646080321
30646080322
30646080323
30646080324
30646080325
30646080326
30646080327
30646080328
30646080329
30646080337
30646080338
30646080339
30646107659
30646107660
30646107661
30646107662
30646107663
30646107664
30646107665
30646107666
30646107667
30646107668
30646107672
30646107673
30646107674
30646107675
30646107676
30646107677
30646107678
30646107679
30646107680
30646107681
30646107682
30646107684
30646107685
30646107686
30646107687
30646107688
30646107689
30646107690
30646107691
30646107692
30646107693
30646107694
30646116114
30646116115
30646116116
30646116117
30646116118
30646116119
30646116120
30646116121
30646116122
30646116123
30646116124
30646116125
30646116126
30646132969
30646132970
30646132971
30646132972
30646132973
30646132974
30646132975
30646132976
30646132977
30646132978
30646132979
30646132980
30646132981
30646132982
30646132983
30646132984
30646132985
30646132986
30646132987
30646132988
30646133000
30646133001
30646133002
30646133003
30646133004
30646133711
30646134769
30646155775
30646155776
30646155777
30646155778
30646155779
30646155780
30646155781
30646155782
30646155783
30646155784
30646155785
30646155786
30646155793
30646155794
30646155795
30646155796
30646155797
30646155798
30646155799
30646155800
30646155801
30646155802
30646155803
30646155804
30646155810
30646155811
30646182447
30646182448
30646182449
30646182450
30646182451
30646182452
30646182453
30646182454
30646182455
30646182456
30646182457
30646182458
30646182459
30646182460
30646182461
30646182462
30646182463
30646182464
30646220410
30646220411
30646220412
30646220413
30646220414
30646220415
30646220416
30646220417
30646220418
30646220420
30646220467
30646237684
30646258543
30646258691
30646258692
30646258697
30646258979
30646279346
30646279440
30646279613
30646279670
30646279671
30646279673
30646279676
30646279677
30646279680
30646279683
30646279690
30646279692
30646279698
30646279704
30646279706
30646279713
30646279715
30646279717
30646279722
30646279725
30646279729
30646279734
30646279735
30646279749
30646279751
30646279752
30646279753
30646279759
30646279760
30646279761
30646279762
30646279765
30646279769
30646279770
30646279773
30646279774
30646279780
30646279783
30646285325
30646285449
30646285477
30646285480
30646285492
30646285503
30646285507
30646285509
30646285523
30646285527
30646285531
30646285541
30646285550
30646285556
30646285557
30646285562
30646285581
30646285594
30646285601
30646285616
30646285625
30646285637
30646285639
30646285645
30646285669
30646285670
30646285674
30646285676
30646285712
30646285713
30646285715
30646285717
30646285728
30646285729
30646285731
30646285735
30646285738
30646285746
30646285747
30646285758
30646285777
30646285793
30646285803
30646285807
30646285808
30646285817
30646285832
30646285837
30646285851
30646285856
30646285858
30646285859
30646285860
30646285870
30646285881
30646285884
30646285909
30646285921
30646285923
30646285925
30646285933
30646285935
30646285939
30646285944
30646285945
30646285957
30646285963
30646285981
30646285990
30646285991
30646285995
30646285998
30646286002
30646286008
30646286010
30646286039
30646286040
30646286041
30646286047
30646286048
30646286059
30646286061
30646286062
30646286076
30646286081
30646286100
30646286103
30646286105
30646286112
30646286113
30646286119
30646286123
30646286127
30646286141
30646286143
30646286175
30646286182
30646286184
30646286190
30646286191
30646286204
30646286210
30646286221
30646286222
30646286223
30646286229
30646286237
30646286238
30646286239
30646286243
30646286244
30646286254
30646286259
30646286285
30646286311
30646286312
30646286320
30646286321
30646286326
30646286328
30646286338
30646286339
30646286353
30646286358
30646286369
30646286380
30646286395
30646286405
30646286407
30646286410
30646286418
30646286420
30646287372
30646287375
30646287382
30646287402
30646287403
30646287409
30646287411
30646287413
30646287426
30646287429
30646287447
30646287448
30646287460
30646287477
30646287478
30646287482
30646287491
30646287492
30646287493
30646287499
30646287502
30646287508
30646287510
30646287525
30646287531
30646287534
30646287535
30646287547
30646287550
30646287554
30646287555
30646287556
30646287557
30646287561
30646287566
30646287567
30646287569
30646287579
30646287580
30646287582