30645951327
30645951329
30645951330
30645951331
30645951332
30645951352
30645951355
30645951357
30645951358
30645951359
30645951364
30645951365
30645951366
30645951367
30645951368
30645951369
30645951370
30645951371
30645951372
30645951373
30645951374
30645951375
30645951376
30645951377
30645951378
30645951379
30645951380
30645951381
30645951383
30645951398
30645951401
30645951402
30645951409
30645951411
30645951414
30645951416
30645978554
30645978555
30645978556
30645978557
30645978558
30645978559
30645978564
30645978565
30645978566
30645978571
30645978576
30645978578
30645978579
30645978581
30645978582
30645978583
30645978584
30645978585
30645978587
30645978588
30645978589
30645978590
30645978596
30645978597
30645978598
30645978599
30645978606
30645978609
30645978610
30645978611
30645978612
30645978613
30645978624
30645978625
30645978633
30645978634
30645978635
30645978636
30645978637
30645978643
30645978644
30645978648
30645978649
30645978650
30645978651
30645978652
30645978660
30645978661
30645978662
30645978668
30645978669
30645978670
30645978671
30645978679
30645978680
30645978681
30645978684
30645978685
30645978686
30645978692
30645978698
30645978702
30645978703
30645978704
30645978705
30645978729
30645978730
30645978731
30645978734
30645978735
30645978736
30645978737
30645978739
30645978745
30645978746
30645978747
30645978748
30645978749
30645978762
30645978763
30645978765
30645978766
30645978767
30645978768
30645978774
30645978775
30645978779
30645978780
30645978783
30645978793
30645978794
30645978799
30645978800
30645978801
30645978802
30645978803
30645978804
30645978805
30645978806
30645978810
30645978813
30645978814
30645978816
30645978825
30645978826
30645978827
30645978831
30645978848
30645978849
30645978862
30645978863
30645978864
30645978865
30645978866
30645978867
30645978869
30645978870
30645978880
30645978881
30645978882
30645978883
30645978886
30645978890
30645978891
30645978892
30645978893
30645978894
30645978895
30645978896
30645978900
30645978915
30645978916
30645978925
30645978926
30645978927
30645978928
30645978929
30645978930
30645978931
30645978940
30645978941
30645978942
30645978959
30645978961
30645978962
30645978975
30645978976
30645978977
30645978978
30645978979
30645978980
30645978981
30645978987
30645978988
30645978989
30645979002
30645979007
30645979026
30645979027
30645979028
30645979029
30645979030
30645979031
30645979032
30645979033
30645979044
30645979045
30645979046
30645979047
30645979048
30645979061
30645979062
30645979063
30645979064
30645979067
30645979068
30645979069
30645979070
30645979071
30645979072
30645979073
30645979074
30645979075
30645979076
30645979077
30645979078
30645979099
30645979120
30645979129
30645979130
30645979137
30645979138
30645979139
30645979151
30645979152
30645979158
30645979159
30645979161
30645979164
30645979165
30645979166
30645979167
30645979168
30645979169
30645979170
30645979171
30645979172
30645979173
30645979174
30645979175
30645979176
30645979177
30645979178
30645979179
30645979180
30645979181
30645979182
30645979183
30645979184
30645979185
30645979189
30645979191
30645979204
30645979205
30645979214
30645979215
30645979226
30645979227
30645979238
30645979266
30645979267
30645979268
30645979269
30645979270
30645979271
30645979272
30645979273
30645979275
30645979276
30645979327
30645979328
30645979329
30645979330
30645979334
30645979335
30645979336
30645979337
30645979350
30645979351
30645979365
30645979366
30645979387
30645979393
30645979394
30645979395
30645979413
30645979430
30645979431
30645979432
30645979433
30645979434
30645979435
30645979436
30645979437
30645979439
30645979459
30645979462
30645979464
30645979467
30645979473
30645979474
30645979475
30645979476
30645979493
30645979499
30645979501
30645979511
30645979512
30645979513
30645979514
30645979515
30645979516
30645979521
30645979526
30645979529
30645979530
30645979531
30645979532
30645979533
30645979534
30645979535
30645979539
30645979540
30645979541
30645979542
30645979543
30645979544
30645979545
30645979553
30645996934
30645996935
30645996943
30645996944
30645996945
30645996952
30645996953
30645996983
30645996984
30645996985
30645996986
30645996999
30645997001
30645997002
30645997003
30645997023
30645997024
30645997034
30645997039
30645997040
30645997041
30645997042
30645997043
30645997044
30645997059
30645997060
30645997062
30645997063
30645997074
30645997080
30645997081
30645997082
30645997083
30645997088
30645997098
30645997099
30645997109
30645997111
30645997112
30645997130
30645997131
30645997153
30645997154
30645997155
30645997163
30645997164
30645997165
30645997166
30645997167
30645997168
30645997169
30645997170
30645997171
30645997172
30645997196
30645997197
30645997198
30645997199
30645997200
30645997201
30645997202
30645997203
30645997204
30645997205
30645997206
30645997207
30645997208
30645997218
30645997222
30645997223
30645997244
30645997245
30645997247
30645997248
30645997251
30645997252
30645997257
30645997258
30645997261
30645997263
30645997267
30645997278
30645997284
30645997285
30645997292
30645997297
30645997298
30645997299
30645997300
30645997301
30645997306
30645997311
30645997312
30645997313
30645997314
30645997315
30645997316
30645997317
30645997318
30645997319
30645997320
30645997321
30645997322
30645997323
30645997324
30645997325
30645997336
30645997337
30645997345
30645997350
30645997351
30645997352
30645997355
30645997356
30645997357
30645997359
30645997360
30645997361
30645997362
30645997363
30645997369
30645997380
30645997381
30645997382
30645997383
30645997384
30645997385
30645997386
30645997387
30645997388
30645997389
30645997390
30645997395
30645997401
30645997402
30645997403
30645997404
30645997405
30645997406
30645997407
30645997408
30645997409
30645997410
30645997425
30645997426
30645997437
30645997438
30645997439
30645997442
30645997444
30645997450
30645997452
30645997453
30645997454
30645997455
30645997456
30645997458
30645997459
30645997460
30645997461
30645997462
30645997463
30645997476
30645997477
30645997478
