30645610372
30645726161
30645746229
30645790646
30645790887
30645866552
30645877408
30645898365
30645899231
30645899232
30645899233
30645906312
30645906841
30645921876
30645921957
30645921982
30645921983
30645922204
30645942607
30645943857
30645949492
30645949665
30645949685
30645949686
30645949687
30645949688
30645949707
30645950101
30645950581
30645951385
30645951386
30645951387
30645951388
30645951389
30645951390
30645951391
30645951392
30645951393
30645951394
30645951395
30645951396
30645951405
30645951406
30645951407
30645997106
30645997209
30645997210
30645997211
30645997212
30645997213
30645997214
30645997215
30645997216
30645997217
30645997226
30645997227
30645997228
30645997229
30645997230
30645997231
30645997232
30645997233
30645997234
30645997235
30645997236
30645997237
30645997238
30645997239
30645997240
30645997241
30645998447
30645998578
30645998665
30646023195
30646023377
30646023889
30646024023
30646035014
30646048448
30646049540
30646049721
30646049917
30646050070
30646050224
30646050225
30646050226
30646050227
30646050228
30646050229
30646050230
30646050231
30646050232
30646050233
30646050234
30646050235
30646050237
30646050238
30646050239
30646050240
30646050241
30646050242
30646050243
30646050244
30646050245
30646050246
30646050247
30646050248
30646050263
30646050264
30646050265
30646050266
30646050267
30646050268
30646050269
30646050270
30646050271
30646050272
30646050273
30646050274
30646050275
30646050283
30646050284
30646050285
30646050286
30646050287
30646050288
30646050289
30646050290
30646050291
30646050292
30646050293
30646050294
30646050300
30646050301
30646050302
30646050303
30646050304
30646050305
30646050306
30646050307
30646050308
30646050309
30646050310
30646060589
30646060652
30646060707
30646060855
30646078898
30646079492
30646079805
30646080015
30646080034
30646080040
30646080048
30646080170
30646080171
30646080222
30646080273
30646080274
30646080275
30646080276
30646080277
30646080278
30646080279
30646080280
30646080281
30646080282
30646080283
30646080284
30646080295
30646080296
30646080297
30646080298
30646080299
30646080300
30646080301
30646080302
30646080303
30646080304
30646080314
30646080315
30646080316
30646080317
30646080318
30646080319
30646080320
30646080321
30646080322
30646080323
30646080324
30646080325
30646080326
30646080327
30646080328
30646080329
30646080337
30646080338
30646080339
30646080381
30646107188
30646107307
30646107328
30646107385
30646107515
30646107659
30646107660
30646107661
30646107662
30646107663
30646107664
30646107665
30646107666
30646107667
30646107668
30646107672
30646107673
30646107674
30646107675
30646107676
30646107677
30646107678
30646107679
30646107680
30646107681
30646107682
30646107684
30646107685
30646107686
30646107687
30646107688
30646107689
30646107690
30646107691
30646107692
30646107693
30646107694
30646107770
30646116114
30646116115
30646116116
30646116117
30646116118
30646116119
30646116120
30646116121
30646116122
30646116123
30646116124
30646116125
30646116126
30646116289
30646116299
30646116371
30646116475
30646116681
30646116683
30646132969
30646132970
30646132971
30646132972
30646132973
30646132974
30646132975
30646132976
30646132977
30646132978
30646132979
30646132980
30646132981
30646132982
30646132983
30646132984
30646132985
30646132986
30646132987
30646132988
30646133000
30646133001
30646133002
30646133003
30646133004
30646133135
30646133372
30646133383
30646133384
30646133417
30646133488
30646133711
30646133755
30646133857
30646134315
30646134324
30646134549
30646134721
30646134769
30646151911
30646151949
30646155114
30646155338
30646155775
30646155776
30646155777
30646155778
30646155779
30646155780
30646155781
30646155782
30646155783
30646155784
30646155785
30646155786
30646155793
30646155794
30646155795
30646155796
30646155797
30646155798
30646155799
30646155800
30646155801
30646155802
30646155803
30646155804
30646155810
30646155811
30646155969
30646156018
30646166983
30646168784
30646168948
30646169222
30646169279
30646169327
30646169357
30646169382
30646169474
30646169636
30646169644
30646182447
30646182448
30646182449
30646182450
30646182451
30646182452
30646182453
30646182454
30646182455
30646182456
30646182457
30646182458
30646182459
30646182460
30646182461
30646182462
30646182463
30646182464
30646182509
30646182727
30646182752
30646182840
30646182843
30646182866
30646183006
30646183076
30646183354
30646183487
30646183523
30646183658
30646183900
30646183908
30646183944
30646184131
30646184218
30646184284
30646184335
30646184365
30646219931
30646219985
30646220052
30646220094
30646220188
30646220278
30646220280
30646220312
30646220314
30646220315
30646220410
30646220411
30646220412
30646220413
30646220414
30646220415
30646220416
30646220417
30646220418
30646220420
30646220431
30646220433
30646220463
30646220467
30646220635
30646220658
30646220724
30646220857
30646220859
30646233880
30646237321
30646237370
30646237400
30646237445
30646237639
30646237684
30646237756
30646237891
30646238232
30646255197
30646255199
30646255274
30646255285
30646255306
30646255330
30646255434
30646255468
30646255469
30646255470
30646255475
30646255478
30646255516
30646255517
30646255563
30646255564
30646255567
30646255570
30646255611
30646255670
30646255674
30646255686
30646255710
30646255763
30646255801
30646255807
30646255817
30646255847
30646255856
30646255907
30646255913
30646255914
30646255927
30646255928
30646255941
30646255953
30646255960
30646255962
30646255974
30646255997
30646256028
30646256093
30646256105
30646256106
30646258154
30646258158
30646258207
30646258213
30646258225
30646258263
30646258271
30646258283
30646258298
30646258303
30646258354
30646258368
30646258392
30646258417
30646258427
30646258428
30646258543
30646258556
30646258563
30646258564
30646258591
30646258622
30646258648
30646258691
30646258692
30646258697
30646258735
30646258752
30646258813
30646258845
30646258846
30646258859
30646258893
30646258921
30646258962
30646258967
30646258979
30646259016
30646259038
30646259055
30646259071
30646259100
30646259115
30646259147
30646279321
30646279346
30646279355
30646279374
30646279376
30646279390
30646279396
30646279408
30646279412
30646279413
30646279440
30646279457
30646279462
30646279475
30646279477
30646279494
30646279495
30646279500
30646279504
30646279505
30646279506
30646279507
30646279515
30646279521
30646279529
30646279534
30646279553
30646279556
30646279560
30646279573
30646279575
30646279576
30646279607
30646279612
30646279613
30646279619
30646279624
30646279625
30646279626
30646279629
30646279639
30646279642
30646279643
30646279647
30646279648
30646279651
30646279659
30646279660
30646279661
30646279662
30646279670
30646279671
30646279673
30646279676
30646279677
30646279680
30646279683
30646279690
30646279692
30646279698
30646279704
30646279706
30646279713
30646279715
30646279717
30646279722
30646279725
30646279729
30646279734
30646279735
30646279749
30646279751
30646279752
30646279753
30646279759
30646279760
30646279761
30646279762
30646279765
30646279769
30646279770
30646279773
30646279774
30646279780
30646279783
30646285325
30646285449
30646285477
30646285480
30646285492
30646285503
30646285507
30646285509
30646285523
30646285527
30646285531
30646285541
30646285550
30646285556
30646285557
30646285562
30646285581
30646285594
30646285601
30646285616
30646285625
30646285637
30646285639
30646285645
30646285669
30646285670
30646285674
30646285676
30646285712
30646285713
30646285715
30646285717
30646285728
30646285729
30646285731
30646285735
30646285738
30646285746
30646285747
30646285758
30646285777
30646285793
30646285803
30646285807
30646285808
30646285817
30646285832
30646285837
30646285851
30646285856
30646285858
30646285859
30646285860
30646285870
30646285881
30646285884
30646285909
30646285921
30646285923
30646285925
30646285933
30646285935
30646285939
30646285944
30646285945
30646285957
30646285963
30646285981
30646285990
30646285991
30646285995
30646285998
30646286002
30646286008
30646286010
30646286039
30646286040
30646286041
30646286047
30646286048
30646286059
30646286061
30646286062
30646286076
30646286081
30646286100
30646286103
30646286105
30646286112
30646286113
30646286119
30646286123
30646286127
30646286141
30646286143
30646286175
30646286182
30646286184
30646286190
30646286191
30646286204
30646286210
30646286221
30646286222
30646286223
30646286229
30646286237
30646286238
30646286239
30646286243
30646286244
30646286254
30646286259
30646286285
30646286311
30646286312
30646286320
30646286321
30646286326
30646286328
30646286338
30646286339
30646286353
30646286358
30646286369
30646286380
30646286395
30646286405
30646286407
30646286410
30646286418
30646286420
30646287372
30646287375
30646287382
30646287402
30646287403
30646287409
30646287411
30646287413
30646287426
30646287429
30646287447
30646287448
30646287460
30646287477
30646287478
30646287482
30646287491
30646287492
30646287493
30646287499
30646287502
30646287508
30646287510
30646287525
30646287531
30646287534
30646287535
30646287547
30646287550
30646287554
30646287555
30646287556
30646287557
30646287561
30646287566
30646287567
30646287569
30646287579
30646287580
30646287582
30646287585
30646287594
30646287595
30646287615
30646287629
30646287645
30646287646
30646287654
30646287655
30646287665
30646287667
30646287686
30646287687
30646287698
30646287702
30646287704
30646287705
30646287706
30646287715
30646287718
30646287733
30646287735
30646287736
30646287744
30646287746
30646287756
30646287757
30646287762
30646287763
30646287765
30646287770
30646287774
30646287775
30646287778
30646287790
30646287809
30646287810
30646287815
30646287828
30646287838
30646287849
30646287865
30646287919
30646287920
30646287934
30646287938
30646287949
30646287960
30646287984
30646287988
30646287990
30646287992
30646287995
30646287996
30646288004
30646288008
30646288012
30646288016
30646288028
30646288039
30646288045
30646288054
30646288055
30646288067
30646288068
30646288082
30646288085
30646288094
30646288097
30646288099
30646288100
30646288102
30646288107
30646288119
30646288124
30646288127
30646288128
30646288135
30646288150
30646288153
30646288160
30646288169
30646288181
30646288199
30646288205
30646288230
30646288239
30646288253
30646288269
30646288270
30646288272
30646288293
30646288296
30646288297
30646288298
30646288305
30646288319
30646288320
30646288321
30646288322
30646288331
30646288336
30646288344
30646288362
30646290405
30646290406
30646290413
30646290434
30646290445
30646290450
30646290458
30646290467
30646290475
30646290496
30646290498
30646290500
30646290508
30646290509
30646290518
30646290521
30646290532
30646290534
30646290536
30646290537
30646290538
30646290548
30646290560
30646290576
30646290581
30646290584
30646290585
30646290586
30646290597
30646290613
30646290625
30646290626
30646290628
30646290647
30646290648
30646290661
30646290664
30646290671
30646290673
30646290694
30646290699
30646290709
30646290710
30646290718
30646290737
30646290755
30646290773
30646290774
30646290788
30646290791
30646290810
30646290815
30646290827
30646290842
30646290843
30646290856
30646290857
30646290863
30646290867
30646290868
30646290869
30646290873
30646290878
30646290879
30646290880
30646290888
30646290893
30646290902
30646290905
30646290924
30646290925
30646290946
30646290949
30646290950
30646290951
30646290956
30646290964
30646290965
30646290967
30646290970
30646290987
30646290998
30646291008
30646291019
30646291020
30646291035
30646291037
30646291038
30646291039
30646291052
30646291053
30646291065
30646291066
30646291067
30646291068
30646291070
30646291082
30646291083
30646291086
30646291100
30646291121
30646291122
30646291130
30646291131
30646291137
30646291138
30646291139
30646291148
30646291149
30646291150
30646291154
30646291167
30646291168
30646291186
30646291189
30646291190
30646291191
30646291194
30646291196
30646291206
30646291207
30646291243
30646291245
30646291246
30646291247
30646291248
30646291251
30646291258
30646291260
30646291264
30646291265
30646291268
30646291270
30646291274
30646291275
30646291276
30646291277
30646291286
30646291287
30646291290
30646291291
30646291292
30646291308
30646291310
30646291316
30646291317
30646291328
30646291329
30646291333
30646291336
30646291339
30646291340
30646291341
30646291365
30646291372
30646291380
30646291390
30646291391
30646291392
30646309533
30646309553
30646309558
30646309560
30646309561
30646309562
30646309563
30646309587
30646309588
30646309590
30646309591
30646309604
30646309613
30646309615
30646309630
30646309631
30646309656
30646309657
30646309671
30646309695
30646309700
30646309703
30646309726
30646309727
30646309736
30646309741
30646309748
30646309757
30646309764
30646309765
30646309772
30646309774
30646309775
30646309785
30646309796
30646309807
30646309808
30646309823
30646309845
30646309846
30646309850
30646309861
30646309864
30646309870
30646309871
30646309900
30646309901
30646309902
30646309917
30646309918
30646309919
30646309932
30646309962
30646309970
30646309982
30646309992
30646309995
30646309996
30646310001
30646310008
30646310011
30646310041
30646310043
30646310044
30646310046
30646310047
30646310052
30646310053
30646310056
30646310058
30646310060
30646310062
30646310068
30646310071
30646310080
30646310083
30646310098
30646310099
30646310100
30646310101
30646310103
30646310104
30646310105
30646310107
30646310109
30646310110
30646310111
30646310112
30646310115
30646310117
30646310120
30646310133
30646310155
30646310178
30646310180
30646310181
30646310182
30646310183
30646310184
30646310190
30646310192
30646310209
30646310210
30646310211
30646310212
30646310213
30646310217
30646310219
30646310223
30646310225
30646310227
30646310229
30646310235
30646310244
30646310246
30646310248
30646310249
30646310258
30646310259
30646310260
30646310266
30646310268
30646310270
30646310296
30646310297
30646310298
30646310308
30646310309
30646310310
30646310312
30646310313
30646310314
30646310315
30646310316
30646310328
30646310329
30646310330
30646310335
30646310340
30646310341
30646310349
30646310350
30646310351
30646310352
30646310353
30646310358
30646310359
30646310362
30646310369
30646310370
30646310373
30646310375
30646310377
30646310378
30646310380
30646310381
30646310382
30646310390
30646310391
30646310392
30646310393
30646310400
30646310402
30646310403
30646310404
30646310405
30646310413
30646310415
30646310423
30646310427
30646310428
30646310429
30646310430
30646310433
30646310436
30646310438
30646310446
30646310449
30646310453
30646310458
30646310459
30646310461
30646310462
30646310463
30646310466
30646310475
30646310476
30646310478
30646310479
30646310484
30646310485
30646310487
30646310488
30646310500
30646310501
30646310509
30646310510
30646310522
30646310527
30646310528
30646310529
30646310530
30646310532
30646310533
30646318275
30646318288
30646318289
30646318290
30646318291
30646318295
30646318296
30646318297
30646318305
30646318310
30646318311
30646318312
30646318315
30646318322
30646318328
30646318332
30646318334
30646318336
30646318337
30646318339
30646318347
30646318348
30646318349
30646318364
30646318365
30646318377
30646318379
30646318381
30646318382
30646318389
30646318394
30646318395
30646318403
30646318405
30646318406
30646318410
30646318411
30646318412
30646318415
30646318416
30646318417
30646318418
30646318424
30646318426
30646318433
30646318442
30646318446
30646318452
30646318460
30646318466
30646318468
30646318469
30646318470
30646318484
30646318485
30646318486
30646318487
30646318495
30646318496
30646318499
30646318510
30646318511
30646318515
30646318516
30646318517
30646318518
30646318519
30646318522
30646318523
30646318524
30646318528
30646318539
30646318540
30646318545
30646318546
30646318547
30646318550
30646318552
30646318553
30646318556
30646318559
30646318570
30646318577
30646318586
30646318591
30646318592
30646318593
30646318594
30646318595
30646318596
30646318597
30646318598
30646318599
30646318600
30646318601
30646318602
30646318603
30646318605
30646318606
30646318607
30646318608
30646318618
30646318620
30646318622
30646318624
30646318637
30646318640
30646318644
30646318649
30646318650
30646318651
30646318652
30646318653
30646318663
30646318664
30646318665
30646318666
30646318668
30646318673
30646318676
30646318688
30646318708
30646318723
30646318734
30646318735
30646318738
30646318740
30646318741
30646318742
30646318746
30646318747
30646318748
30646318749
30646318756
30646318757
30646318758
30646318761
30646318763
30646318764
30646318773
30646318776
30646318780
30646318781
30646318782
30646318784
30646318786
30646318787
30646318788
30646318790
30646318795
30646318796
30646318797
30646318798
30646318799
30646318801
30646318821
30646318823
30646318831
30646318832
30646318833
30646318834
30646318835
30646318844
30646318845
30646318846
30646318847
30646318848
30646318851
30646318852
30646318853
30646318855
30646318858
30646318859
30646318865
30646318866
30646318867
30646318868
30646318870
30646318871
30646318872
30646318873
30646318877
30646318879
30646318883
30646318885
30646318886
30646318892
30646318893
30646318898
30646318899
30646318900
30646318901
30646318902
30646318907
30646318917
30646318918
30646318919
30646318920
30646318921
30646318922
30646318923
30646318929
30646318934
30646318939
30646318949
30646318950
30646318951
30646318952
30646318953
30646318956
30646318959
30646318960
30646318961
30646318963
30646318965
30646318974
30646318975
30646318976
30646318980
30646318984
30646318985
30646318989
30646318990
30646318995
30768067284
30768067431
30768067436
30768067722
30768813009
30768813033
30768813066
30768813077
30768813091
30768813095
30768813116
30768813166
30768813208
30768813236
30768813326
30768813351
30768813387
30768813443
30768813444
30768813445
30768813458
30768813487
30768813499
30768813527
30768813537
30768813597
30768813598
30768813613
30768813659
30768813660
30768813665
30768813722
30768813723
30768813732
30768813735
30768813737
30768813752
30768813761
30768813768
30768813783
30768813788
30768813789
30768813790
30768813803
30768813812
30768813834
30768813851
30768813852
30768813870
30768813875
30768813889
30768813899
30768813927
30768813928
30768813932
30768813933
30768813945
30768813954
30768813955
30768813956
30768813958
30768813971
30768813977
30768813980
30768813982
30768813994
30768813997
30768813999
30768814000
30768814001
30768814002
30768814003
30768814005
30768814008
30768814012
30768814016
30768814022
30768814023
30768814026
30768814027
30768814028
30768814033
30768814035
30768814040
30768814041
30768814055
30768814060
30768814061
30768814067
30768814068
30768814069
30768814074
30768814077
30768814079
30768814080
30768814083
30768814091
30768814093
30768814097
30768814098
30768814099
30768814104
30768814105
30768814106
30768814107
30768814108
30768814110
30768814111
30768814112
30768814113
30768814114
30768814118
30768814120
30768814124
30768814125
30768814128
30768814131
30768814139
30768814142
30768814143
30768814145
30768814159
30768814161
30768814170
30768814171
30768814172
30768814175
30768814180
30768814181
30768814182
30768814184
30768814185
30897462313
30897462315
30897462327
30897462595
30897462596
30897462597
30897462684