30645610673
30645610674
30645610676
30645610677
30645610681
30645610683
30645610690
30645610691
30645610692
30645610693
30645610704
30645610705
30645610710
30645610723
30645610726
30645610729
30645610733
30645610734
30645610735
30645610736
30645610737
30645610738
30645610745
30645610746
30645610747
30645610748
30645610765
30645610766
30645610767
30645610782
30645610804
30645610808
30645610820
30645610821
30645610823
30645610828
30645610829
30645610830
30645610840
30645610842
30645610843
30645610854
30645610855
30645610866
30645610867
30645610875
30645610876
30645610880
30645610888
30645610894
30645610895
30645610900
30645610901
30645610908
30645610910
30645610925
30645611004
30645611012
30645611040
30645611041
30645611042
30645611045
30645611046
30645611047
30645611048
30645611049
30645611050
30645611051
30645611052
30645611053
30645611054
30645611055
30645611056
30645611057
30645611058
30645611062
30645611063
30645611064
30645611068
30645611069
30645611070
30645611071
30645611073
30645611074
30645611079
30645611080
30645611081
30645611082
30645611083
30645611084
30645611085
30645611086
30645611087
30645611088
30645611089
30645611090
30645611091
30645611092
30645611093
30645611098
30645611099
30645611100
30645611101
30645611102
30645611103
30645611104
30645611105
30645611106
30645611107
30645611108
30645611109
30645611110
30645611111
30645611112
30645611113
30645611114
30645611115
30645611116
30645611117
30645611118
30645611119
30645611120
30645611122
30645611129
30645611130
30645611131
30645611134
30645611135
30645611143
30645611144
30645611145
30645611148
30645611150
30645611153
30645611154
30645611155
30645611156
30645611157
30645611161
30645611162
30645611163
30645611164
30645611165
30645611166
30645611167
30645611168
30645611172
30645611173
30645611174
30645611175
30645611176
30645611177
30645611178
30645611179
30645611180
30645611181
30645611182
30645611183
30645611186
30645611187
30645611188
30645611189
30645611190
30645611191
30645611192
30645611193
30645611194
30645611195
30645611196
30645611197
30645611198
30645611199
30645611200
30645611201
30645611202
30645611203
30645611204
30645611205
30645611206
30645611207
30645611208
30645611209
30645611210
30645611211
30645611212
30645611213
30645611214
30645611215
30645611216
30645611217
30645611218
30645611219
30645611220
30645611221
30645611222
30645611223
30645611224
30645611225
30645611226
30645611236
30645611237
30645611238
30645611243
30645611244
30645611248
30645611250
30645611251
30645611252
30645611253
30645611254
30645611255
30645611258
30645611259
30645611260
30645611261
30645611262
30645611273
30645611274
30645611280
30645611281
30645611282
30645611283
30645611284
30645611285
30645611286
30645611287
30645611288
30645611289
30645611295
30645611296
30645611297
30645611298
30645611299
30645611309
30645611310
30645611311
30645611313
30645611314
30645611323
30645611324
30645611325
30645611339
30645611340
30645611341
30645611342
30645611343
30645611347
30645611349
30645611351
30645611362
30645611363
30645611364
30645611368
30645611369
30645620081
30645620083
30645620089
30645620090
30645620091
30645620092
30645620093
30645620094
30645620104
30645620105
30645620106
30645620116
30645620117
30645620118
30645620119
30645620125
30645620126
30645620127
30645620128
30645620129
30645620130
30645620131
30645620132
30645620133
30645620134
30645620135
30645620136
30645620151
30645620152
30645620153
30645620154
30645620155
30645620156
30645620164
30645620182
30645620184
30645620185
30645620189
30645620195
30645620196
30645620197
30645620198
30645620203
30645620204
30645620207
30645620208
30645620209
30645620215
30645620218
30645620219
30645620220
30645620221
30645620226
30645620227
30645620241
30645620249
30645620250
30645620263
30645620268
30645620269
30645620280
30645620291
30645620297
30645620298
30645620299
30645620300
30645620303
30645620309
30645620310
30645620311
30645620317
30645620328
30645620333
30645620334
30645620335
30645620336
30645620338
30645620343
30645620346
30645620347
30645620348
30645620358
30645620359
30645620368
30645620369
30645620373
30645620376
30645620380
30645620381
30645620391
30645620398
30645620399
30645620400
30645620401
30645620402
30645620403
30645620404
30645620405
30645620407
30645620441
30645620450
30645620451
30645620452
30645620507
30645620508
30645620514
30645620523
30645620524
30645620527
30645620538
30645620539
30645620546
30645620547
30645620548
30645620549
30645620556
30645620564
30645620565
30645620566
30645620571
30645620572
30645620573
30645620579
30645620580
30645620581
30645620590
30645620591
30645620600
30645620601
30645620602
30645620603
30645620611
30645620626
30645620627
30645620634
30645620635
30645620638
30645620639
30645620646
30645620648
30645620657
30645620658
30645620659
30645620660
30645620661
30645620662
30645620663
30645620675
30645620676
30645620677
30645620678
30645620686
30645620695
30645620696
30645620697
30645620698
30645620699
30645620708
30645620709
30645620733
30645620752
30645620754
30645620755
30645620756
30645620757
30645620758
30645620759
30645620766
30645620773
30645620782
30645620783
30645620784
30645620789
30645620791
30645620804
30645620805
30645620806
30645620817
30645620818
30645620826
30645620837
30645620838
30645620839
30645620846
30645620859
30645620860
30645620864
30645620865
30645620871
30645620881
30645620882
30645620883
30645620884
30645620885
30645620892
30645620898
30645620904
30645620915
30645620919
30645620932
30645620949
30645620953
30645620954
30645620955
30645620964
30645620965
30645620966
30645620969
30645620970
30645620971
30645620972
30645620973
30645620974
30645620975
30645620976
30645620977
30645620978
30645620979
30645620980
30645620981
30645620982
30645620983
30645620984
30645620985
30645620986
30645620987
30645620988
30645620989
30645620990
30645620991
30645620992
30645620996
30645620997
30645620998
30645620999
30645621000
30645621001
30645621002
30645621003
30645621004
30645621005
30645621006
30645621009
30645621010
30645621011
30645621012
