2026-03-11 06:47:42 [debug    ] db.connect_acc.pymssql         server=acc-sql-kadax.database.windows.net
======================================================================
COST MODEL: country Î line_count_bucket (Jan 2026 actuals)
======================================================================
  Country Bucket       N      AVG      STD      MED      MIN      MAX
  AT          1   6,050    32.15    15.17    29.21    18.22   133.59
  AT          2     207    39.15    18.87    35.64    18.22   191.42
  AT          3      18    42.41    22.23    34.69    18.49    96.84
  AT          4       3    64.87    25.98    53.21    46.76    94.64
  BE          1   1,156    40.90    16.29    39.15    19.44   119.59
  BE          2      54    40.96    15.95    35.41    19.74    98.36
  BE          3       7    35.61    18.95    31.09    19.44    75.56
  DE          1  36,567    26.34    10.01    23.95     7.47   387.94
  DE          2   1,295    27.04    10.55    23.95    15.96   104.35
  DE          3     188    26.95     9.97    23.95    15.96    81.73
  DE          4      58    23.83     6.05    21.89    17.24    51.04
  DK          1      27    40.56    10.22    37.49    21.97    74.00
  ES          1   1,162    57.13    24.05    60.75     7.47   156.81
  ES          2      22    70.98    23.83    74.72    26.39   130.70
  ES          3       5    49.09    23.99    37.34    27.13    85.64
  FI          1       6    73.90     8.42    78.47    63.08    80.79
  FR          1   6,289    42.48    16.77    39.75    24.36   308.38
  FR          2     369    48.47    24.99    39.75    24.36   252.84
  FR          3      64    57.78    90.33    43.99    24.36   757.64
  FR          4      20    48.31    25.28    39.75    26.10   133.88
  HR          1      14    55.07    15.04    54.92    23.62    96.96
  HU          1       7    37.21     7.43    40.78    26.87    45.59
  IE          1     105    95.31    34.96    87.43    54.01   207.18
  IT          1   5,363    43.37    12.92    44.55    25.96   191.48
  IT          2     198    48.04    16.22    47.30    27.45   129.84
  IT          3      42    54.14    24.52    54.80    25.96   172.29
  IT          4      15    56.45    19.14    56.04    28.87   115.34
  LT          1       5    42.82    14.43    45.53    26.87    57.60
  LU          1     277    49.82    20.93    42.58    23.12   218.56
  LU          2      10    96.73    49.80    97.05    23.12   152.84
  NL          1   1,164    35.15    12.54    30.97    21.42   162.36
  NL          2      53    34.70     9.39    32.87    25.23    71.38
  NL          3       8    36.51     8.14    38.76    25.33    47.10
  NL          4       4    46.09    12.01    45.03    32.87    61.42
  PL          1     479    11.38     1.61    11.33    10.16    25.22
  PL          2      19    11.31     0.85    11.33    10.36    13.10
  PL          3       4    12.61     0.56    12.61    12.12    13.10
  PT          1      22   103.54    45.11   110.89    46.88   218.63
  SE          1     421    49.30    13.15    47.33    32.29   151.75
  SE          2      35    48.83    13.10    46.01    38.36   110.66
  SE          3       6    48.16     9.42    46.67    40.80    66.39
  SE          4       4    51.14     4.25    51.14    47.46    54.82
  SI          1       4    56.71     7.62    54.62    50.81    66.78

======================================================================
FALLBACK: country-only averages
======================================================================
  Country        N      AVG      MED
  DE        38,108    26.36    23.95
  FR         6,742    42.97    39.75
  AT         6,278    32.43    29.21
  IT         5,618    43.65    44.55
  NL         1,229    35.17    30.97
  BE         1,219    40.90    38.56
  ES         1,189    57.35    60.75
  PL           503    11.39    11.33
  SE           466    49.27    47.33
  LU           289    51.35    42.58
  IE           107    94.60    87.43
  DK            29    42.75    37.49
  PT            22   103.54   110.89
  HR            16    51.14    54.23
  HU             7    37.21    40.78
  LT             6    42.85    44.27
  FI             6    73.90    78.47
  SI             4    56.71    54.62
  BG             3   118.24    66.93
  CZ             2    23.68    23.68
  EE             2    48.61    48.61
  RO             2    65.83    65.83
  LV             1    30.77    30.77
  GR             1    62.21    62.21

======================================================================
TOP SKUs: per-SKU median cost (n>=10 shipments)
======================================================================
  SKU                       Country     N      AVG      MIN      MAX
  MAG_5903699471982         DE      2501    26.41    15.96   254.45
  MAG_5903699457177         DE       995    25.37    15.96    95.14
  MAG_5903699471999         DE       878    26.15    15.96    91.50
  MAG_5903699471982         AT       531    28.83    18.22    57.45
  MAG_5903699499351         DE       297    25.99    17.24    52.12
  MAG_5903699421208         DE       279    30.73    25.36    51.04
  MAG_5903699457221         DE       275    21.85    17.24    48.06
  MAG_5903699454015         DE       254    23.83    15.96    68.76
  MAG_5903699492888         DE       246    27.92    20.31    51.04
  MAG_5903699471999         AT       228    28.28    18.22    57.45
  MAG_5906638359440         DE       226    23.81    17.99    43.26
  MAG_5903699427033         DE       216    46.02    15.96   100.95
  MAG_5903699457207         DE       215    21.54    17.24    42.70
  MAG_5903699482957         DE       204    27.60    17.99    43.38
  MAG_5903699427026         DE       190    42.69    26.10   144.62
  MAG_5903699404140         DE       184    27.97    20.31    60.93
  MAG_5903699482964         DE       175    25.59    20.31    50.72
  MAG_5903699415252         DE       165    18.13    15.96    35.00
  MAG_5903699473313         DE       160    30.14    25.52    51.04
  MAG_5903699457184         DE       159    25.32    15.96    52.12
  MAG_5903699421161         DE       158    31.53    21.89   102.08
  MAG_5903699494301         DE       151    19.22    17.24    38.13
  MAG_5903699408599         DE       135    19.14    15.96    26.06
  MAG_5903699457177         AT       130    27.89    18.22    53.21
  MAG_5903699421123         DE       119    25.07    20.31    50.72
  MAG_5903699424377         DE       115    27.32    21.63    43.26
  MAG_5903699454060         DE       114    27.54    15.96    73.51
  MAG_5903699408582         DE       111    19.17    15.96    26.06
  MAG_5903699489376         DE       104    29.49    17.24   387.94
  MAG_5906638316597         DE       102    36.16    20.31    65.07

======================================================================
ORDERS TO FILL: Feb-Mar 2026 missing logistics, by country
======================================================================
  Country  Bucket   Orders
  DE            1   30,544
  FR            1    7,063
  IT            1    5,813
  AT            1    5,535
  BE            1    1,485
  ES            1    1,439
  DE            2    1,337
  NL            1      875
  PL            1      722
  SE            1      480
  FR            2      456
  AT            2      269
  IT            2      236
  LU            1      204
  IE            1      150
  DE            3      129
  BE            2       84
  ES            2       72
  PT            1       69
  FR            3       52
  DK            1       51
  PL            2       47
  SE            2       46
  DE            4       44
  NL            2       43
  AT            3       35
  FR            4       33
  IT            3       29
  SI            1       23
  IT            4       17
  LU            2       13
  HR            1       13
  IE            2       12
  AT            4       12
  BE            3       11
  HU            1       11
  LV            1       10
  LT            1        9
  BE            4        8
  CZ            1        7
  EE            1        7
  DK            2        6
  PL            3        6
  ES            3        5
  NL            3        5
  FI            1        5
  BG            1        4
  RO            1        4
  LU            3        4
  DK            3        3
  SI            2        3
  PT            2        3
  HR            2        3
  PL            4        3
  SE            4        3
  SE            3        3
  GR            2        2
  LU            4        2
  NL            4        2
  PT            3        1
  LV            3        1
  IE            3        1
  FI            2        1
  HU            2        1
  LT            2        1
  RO            2        1
  LV            2        1
  MC            1        1
  MT            1        1
  EE            2        1
  SK            1        1
  CY            2        1
  CZ            2        1
  CY            1        1
  GR            1        1

  TOTAL TO FILL: 57,577

DONE
